1
120
487
809
18446744073709551615
295
1180
7774
1214
728
34
393
489
2
1367
483
4
590
11
886
443
334
1330
488
1870
665
944
97
1996
806
3022
653
476
123
998
20
499
3280
5020
29
1727
1498
749
2248
32
503
8
2666
439
1124
40
407
5332
232
562
2186
616
281
125
844
13
358
205
571
422
1984
19
211
634
509
22
524
3401
317
952
238
119
404
1255
581
179
511
16
538
1162
1600
38
397
269
808
10
497
202
101
1816
159
304
455
88
152
76
58
44
395
719
17
1762
52
403
26
385
5
3
387
36
1744
182
25
1924
1205
872
6460
436
218
109
328
164
82
743
1093
41
4025
475
124
1624
62
2392
31
453
94
47
803
142
1396
1235
71
1210
214
1978
107
2896
14762
322
161
314
661
814
484
791
242
121
203
364
91
274
290
137
412
206
2086
2780
103
962
1300
310
157
8747
316
155
466
1438
258
233
3577
700
197
350
175
196
526
1192
263
790
1456
1186
593
265
1780
1942
737
2119
890
4102
652
445
2302
340
517
1336
668
312
167
523
502
284
251
754
377
3644
447
1132
236
566
646
283
850
760
4210
425
96
463
785
1276
5650
638
319
1673
5102
958
479
112
6802
2158
301
67
1079
1333
1540
3238
2752
418
1619
4858
190
2429
507
7288
28
9058
617
1492
440
1822
544
911
188
877
2734
2051
1376
130
2369
6154
193
3077
346
598
9232
4616
934
2308
59
1777
1154
577
1732
1043
713
866
433
650
325
976
1462
3827
244
122
481
1174
61
184
92
6358
46
405
23
70
35
465
106
772
2470
53
160
80
596
992
11662
145
298
3562
302
149
448
2423
1606
224
56
501
14
7
994
493
6
170
1883
1222
611
1834
917
688
199
344
172
86
43
65
3724
457
98
49
1511
148
74
9538
37
1342
2591
9
736
401
42
24
391
1204
2104
602
904
1390
452
1588
3158
226
1318
2482
113
85
239
256
128
881
64
491
12
1216
608
15
415
48
66
7270
1246
458
623
568
935
84
2806
1403
2105
718
355
6316
1579
4738
587
7108
3554
4000
1306
2000
1000
830
677
4090
